60,pod-10-766c9bc88,ppgcc-m03,ppgcc-m04
60,pod-14-75956894cb,ppgcc-m03,ppgcc-m05
120,pod-05-87d75fc98,ppgcc-m03,ppgcc-m04
120,pod-13-554b5fd777,ppgcc-m02,ppgcc-m04
180,pod-10-766c9bc88,ppgcc-m04,ppgcc-m03
180,pod-12-86b8588778,ppgcc-m05,ppgcc-m03
240,pod-08-7dff8dfd57,ppgcc-m05,ppgcc-m03
240,pod-11-5cff8c98cf,ppgcc-m04,ppgcc-m03
240,pod-13-554b5fd777,ppgcc-m04,ppgcc-m02
300,pod-05-87d75fc98,ppgcc-m04,ppgcc-m05
300,pod-07-769dc458d,ppgcc-m04,ppgcc-m02
360,pod-10-766c9bc88,ppgcc-m03,ppgcc-m05
360,pod-11-5cff8c98cf,ppgcc-m03,ppgcc-m04
420,pod-08-7dff8dfd57,ppgcc-m03,ppgcc-m05
420,pod-09-6d9cdfcfd,ppgcc-m02,ppgcc-m04
420,pod-12-86b8588778,ppgcc-m03,ppgcc-m04
480,pod-10-766c9bc88,ppgcc-m05,ppgcc-m04
480,pod-14-75956894cb,ppgcc-m05,ppgcc-m03
540,pod-08-7dff8dfd57,ppgcc-m05,ppgcc-m03
540,pod-11-5cff8c98cf,ppgcc-m04,ppgcc-m03
600,pod-09-6d9cdfcfd,ppgcc-m04,ppgcc-m03
600,pod-12-86b8588778,ppgcc-m04,ppgcc-m05
