60,pod-04-5544fdc656,ppgcc-m04,ppgcc-m02
60,pod-08-775946c9b4,ppgcc-m04,ppgcc-m02
120,pod-11-79cf485c8b,ppgcc-m04,ppgcc-m05
240,pod-10-86777b7bf5,ppgcc-m05,ppgcc-m04
300,pod-01-f48659989,ppgcc-m05,ppgcc-m03
300,pod-05-69684b4897,ppgcc-m05,ppgcc-m03
